%YAML:1.0
---
model_type: PINHOLE
camera_name: camera
image_width: 640
image_height: 480
distortion_parameters:

#d435出场参数和imu联合标定 0708---新更精确    [相机转至imu坐标系下]  
   k1: 0.0
   k2: 0.0
   p1: 0.0
   p2: 0.0
#d435和imu联合标定得到的旋转参数0708-从相机坐标系转换到imu下
   # k1: 0.104971924435856
   # k2: 0.828911357249501
   # p1: -0.009119328891794
   # p2: 0.002603102163610
projection_parameters:
#d435出场参数和imu联合标定 0708---新更精确    [相机转至imu坐标系下]  
   fx: 608.3782348632812
   fy: 607.1040649414062
   cx: 319.3323059082031
   cy: 244.24363708496094
 #d435和imu联合标定得到的旋转参数0708-从相机坐标系转换到imu下
   # fx: 627.5309880484356
   # fy: 627.8125298971530
   # cx: 322.3711398699643
   # cy: 231.3262251299016